---
public/apple-touch-icon.png: 2020-08-21 13:17:35.732718501 -07:00
public/favicon-160x160.png: 2020-08-21 13:17:35.712719340 -07:00
public/ms-touch-icon-144x144-precomposed.png: 2020-08-21 13:17:35.708719508 -07:00
public/favicon-196x196.png: 2020-08-21 13:17:35.656721692 -07:00
public/favicon-32x32.png: 2020-08-21 13:17:40.224529918 -07:00
public/favicon-96x96.png: 2020-08-21 13:17:40.340525048 -07:00
public/chrome-touch-icon-192x192.png: 2020-08-21 13:17:40.416521857 -07:00
public/favicon-16x16.png: 2020-08-21 13:17:40.396522697 -07:00
