---
docs/apple-touch-icon.png: 2020-08-20 23:10:40.654121625 -07:00
docs/favicon-160x160.png: 2020-08-20 23:10:40.698115299 -07:00
docs/ms-touch-icon-144x144-precomposed.png: 2020-08-20 23:10:40.678118174 -07:00
docs/favicon-196x196.png: 2020-08-20 23:10:40.674118750 -07:00
docs/favicon-32x32.png: 2020-08-20 23:10:45.250630413 -07:00
docs/favicon-96x96.png: 2020-08-20 23:10:45.266652443 -07:00
docs/chrome-touch-icon-192x192.png: 2020-08-20 23:10:45.306707516 -07:00
docs/favicon-16x16.png: 2020-08-20 23:10:45.302702008 -07:00
